dimwishlist:item=235827225&perks=1926090093,1087426260,1168162263,124408337,2697220197
dimwishlist:item=235827225&perks=1926090093,1561002382,247725512,1015611457,2697220197
dimwishlist:item=235827225&perks=1926090093,1561002382,2846385770,957782887,2697220197
dimwishlist:item=1679868061&perks=1047830412,3142289711,1428297954,47981717,2697220197
dimwishlist:item=2563012876&perks=1047830412,3142289711,1428297954,47981717,2697220197
dimwishlist:item=2563012876&perks=4090651448,3142289711,2946784966,2610012052,186337601
dimwishlist:item=2708806099&perks=839105230,1428297954,454085387,384158423
dimwishlist:item=2708806099&perks=839105230,3142289711,1168162263,1015611457,2697220197
dimwishlist:item=2708806099&perks=839105230,3142289711,3523296417,11612903,2697220197
dimwishlist:item=3257091166&perks=2827049491,2726471870,2077819806,3486498337
dimwishlist:item=3257091166&perks=2827049491,2590710093,354401740,3486498337
dimwishlist:item=3849810018&perks=3525010810,3301904089,2010801679,3425386926,3803457565
dimwishlist:item=3849810018&perks=981914802,3301904089,2010801679,1546637391,1154004463
dimwishlist:item=4164201232&perks=839105230,3142289711,706527188,957782887,186337601
dimwishlist:item=4164201232&perks=839105230,1087426260,3400784728,2610012052,186337601
